96 0
136 0
176 0
184 0
208 0
216 0
96 8
104 8
208 8
216 8
80 24
112 24
192 48
184 16
0 48
8 48
16 48
32 40
40 40
48 40
64 32
72 32
80 32
120 32
160 40
184 56
192 56
200 56
208 56
0 64
8 56
48 48
64 40
72 40
80 40
128 40
184 64
208 64
48 56
56 56
72 48
120 48
128 48
136 48
176 64
192 64
208 72
216 72
48 64
56 64
72 56
96 56
104 56
112 56
120 56
128 56
136 56
144 56
184 72
192 72
208 80
32 72
40 72
48 72
56 72
64 64
88 64
96 64
104 64
112 64
120 64
128 64
136 64
144 64
152 64
184 80
192 80
208 88
216 88
24 72
32 80
40 80
48 80
72 64
88 72
96 72
104 72
112 72
120 72
128 72
136 72
144 72
152 72
160 72
192 88
24 88
32 88
40 88
64 72
72 72
96 80
104 80
112 80
120 80
128 80
136 80
144 80
152 80
160 80
192 96
208 96
216 96
32 112
40 96
64 80
88 80
128 88
136 88
144 88
152 88
168 104
176 120
216 104
32 120
40 112
64 88
80 88
104 88
120 96
136 96
144 96
152 96
168 112
72 96
80 96
80 104
96 96
104 96
128 104
144 104
160 112
72 104
80 112
88 104
96 104
104 104
112 104
120 104
56 128
64 120
96 112
104 112
112 112
120 112
128 112
104 120
112 120
120 120
128 120
208 112
216 112
0 120
64 136
80 128
104 128
112 128
120 128
152 128
88 136
112 136
120 136
144 128
104 144
120 144
136 136
144 136
144 144
16 72
48 144
56 144
64 144
88 144
96 152
104 152
64 152
72 152
80 144
96 160
112 152
120 152
128 152
152 144
160 144
176 136
184 136
112 160
152 152
160 152
168 152
0 80
120 160
128 160
136 152
144 152
8 80
136 160
96 176
176 176
8 88
48 136
96 208
104 208
152 184
96 216
104 216
