72 0
176 0
192 0
200 0
208 0
216 0
64 8
72 8
208 8
216 8
64 16
152 16
184 16
208 16
0 24
8 24
16 24
24 24
32 24
40 24
48 24
56 24
64 24
152 24
168 24
176 24
184 24
200 24
208 24
0 32
8 32
40 32
48 32
56 32
64 32
152 32
184 32
208 32
40 40
48 40
64 40
136 40
144 40
152 40
184 40
200 40
208 40
216 40
40 48
48 48
72 48
112 48
120 48
128 48
136 48
144 48
152 48
160 48
192 48
200 48
208 48
16 56
32 56
40 56
48 56
64 56
96 56
112 56
120 56
128 56
136 56
144 56
152 56
160 56
168 56
192 56
200 56
208 56
216 56
8 64
16 64
32 64
40 64
72 64
104 64
112 64
120 64
128 64
136 64
144 64
152 64
160 64
168 64
176 64
200 64
8 72
16 72
24 72
64 72
72 72
112 72
120 72
128 72
136 72
144 72
152 72
160 72
168 72
176 72
200 72
208 72
216 72
8 80
24 80
64 80
96 80
144 80
152 80
160 80
168 80
192 80
200 80
216 80
8 88
16 88
56 88
96 88
128 88
144 88
152 88
160 88
168 88
192 88
88 96
96 96
104 96
120 96
128 96
152 96
160 96
184 96
88 104
96 104
112 104
120 104
128 104
136 104
144 104
56 112
64 112
120 112
128 112
136 112
144 112
152 112
128 120
136 120
144 120
152 120
208 120
216 120
0 128
56 128
96 128
128 128
136 128
144 128
168 128
104 136
136 136
144 136
160 136
136 144
144 144
152 144
160 144
168 144
16 152
24 152
32 152
48 152
104 152
120 152
128 152
48 160
80 160
96 160
120 160
136 160
144 160
152 160
176 160
192 160
200 160
208 160
136 168
176 168
192 168
200 168
0 176
136 176
144 176
152 176
160 176
8 184
152 184
128 192
200 192
8 200
16 200
48 208
56 208
144 208
48 216
56 216
