0 16
0 200
4 16
4 60
4 64
4 68
4 72
8 16
8 68
8 72
8 108
8 168
12 28
12 88
12 208
12 212
12 216
16 28
16 172
20 136
20 164
20 168
20 180
20 220
24 180
24 204
24 212
24 216
24 220
28 128
28 160
28 164
28 204
28 208
28 212
28 216
28 220
32 100
32 116
32 128
32 144
32 156
32 160
32 164
32 176
32 200
32 204
32 208
32 212
36 80
36 100
36 108
36 112
36 116
36 144
36 160
36 164
36 200
40 80
40 100
40 116
40 120
40 164
44 76
44 80
44 100
44 132
44 136
44 144
44 172
44 176
48 24
48 32
48 72
48 76
48 80
48 84
48 96
48 124
48 188
52 4
52 8
52 24
52 28
52 80
52 84
52 96
52 100
52 104
52 184
52 188
52 204
52 208
56 80
56 84
56 96
56 100
56 104
56 132
56 164
56 168
56 200
56 204
56 208
60 28
60 32
60 80
60 92
60 96
60 108
60 132
60 136
60 160
60 164
60 168
60 200
60 204
64 28
64 36
64 92
64 104
64 108
64 132
64 136
64 140
64 212
68 32
68 36
68 100
68 132
68 136
68 140
72 20
72 24
72 28
72 76
72 108
76 20
76 24
76 80
76 108
80 36
80 64
80 80
80 92
80 160
84 0
84 64
84 80
84 88
84 92
84 96
84 108
84 176
84 180
84 220
88 0
88 4
88 8
88 12
88 16
88 92
88 96
88 180
88 220
92 0
92 8
92 12
92 16
92 68
92 100
92 180
96 8
96 12
96 16
96 24
96 64
96 68
96 72
96 96
96 100
96 104
96 112
96 116
96 120
100 0
100 8
100 12
100 16
100 64
100 68
100 76
100 92
100 100
100 104
100 108
100 112
100 116
100 120
100 124
100 140
100 144
104 8
104 12
104 16
104 32
104 36
104 64
104 92
104 108
104 112
104 116
104 120
104 124
104 140
104 144
108 8
108 12
108 16
108 32
108 36
108 64
108 92
108 108
108 112
108 116
108 120
108 124
112 32
112 64
112 72
112 92
112 112
112 116
112 120
112 160
112 212
116 48
116 52
116 64
116 68
116 72
116 96
116 116
116 132
116 140
116 160
116 208
116 212
120 36
120 48
120 64
120 68
120 72
120 108
120 112
120 116
120 140
120 172
120 212
124 36
124 40
124 64
124 108
124 112
124 144
124 172
128 32
128 36
128 40
128 44
128 56
128 60
128 68
128 96
128 104
128 108
128 120
128 124
128 132
128 140
128 144
128 172
132 60
132 68
132 96
132 108
132 112
132 120
132 124
132 140
132 144
132 164
132 172
132 176
132 180
136 88
136 92
136 108
136 112
136 140
136 176
136 180
136 212
140 36
140 80
140 84
140 88
140 92
140 108
140 152
140 156
140 160
140 164
140 172
144 36
144 64
144 68
144 80
144 88
144 152
144 156
144 160
144 172
148 44
148 60
148 64
148 72
148 76
148 148
148 156
148 164
148 168
148 192
148 200
152 76
152 148
152 152
152 192
156 48
156 56
156 60
156 68
156 128
156 188
156 192
156 196
160 44
160 52
160 56
160 60
160 64
160 68
160 72
160 124
160 184
160 188
160 192
164 20
164 40
164 52
164 56
164 60
164 64
164 68
164 72
164 128
164 152
164 160
164 176
168 64
168 68
168 72
168 152
168 156
168 176
172 44
172 64
172 68
172 156
172 160
176 44
176 48
176 56
176 64
176 132
176 136
176 140
176 160
176 164
180 48
180 56
180 60
180 64
180 88
180 96
180 128
180 132
180 136
180 140
180 164
180 168
180 184
180 192
184 52
184 56
184 60
184 128
184 136
184 140
184 144
184 148
184 152
184 192
188 48
188 52
188 72
188 144
188 148
188 152
188 180
188 192
192 52
192 56
192 124
192 128
192 132
192 136
192 140
192 144
192 148
192 168
192 172
192 180
196 8
196 44
196 52
196 56
196 144
196 148
196 160
196 164
196 168
196 172
200 44
200 48
200 56
200 104
200 108
200 112
200 116
200 160
200 164
200 168
200 172
204 96
204 100
204 104
204 108
204 112
204 116
204 120
204 160
204 172
208 96
208 100
208 108
208 112
208 116
208 120
208 124
208 128
208 132
208 136
208 160
208 172
208 176
212 72
212 76
212 96
212 100
212 104
212 112
212 116
212 132
212 156
212 160
212 220
216 72
216 76
216 220
220 172
220 176
220 180
220 184
220 188
