0 80 2
5 0 4
0 5 6
11 22 1
22 11 18
0 2 12
2 80 7
0 3 4
3 0 12
3 8 4
8 3 73
4 8 5
3 12 17
1 6 10
6 5 8
6 9 13
9 6 8
7 80 81
12 2 7
13 49 37
49 13 9
10 6 13
9 8 49
73 3 72
1 10 11
19 11 10
11 19 20
19 10 29
17 7 81
7 17 12
3 17 72
37 10 13
10 37 38
1 14 15
14 1 22
18 21 22
21 18 20
1 15 16
15 14 26
16 15 23
22 25 14
25 22 24
72 17 71
18 11 20
29 10 38
20 30 31
30 20 19
30 19 40
26 14 25
21 20 31
23 15 26
22 21 24
24 21 44
28 23 27
44 21 31
25 24 45
25 45 32
23 26 27
26 25 33
33 25 32
27 26 34
34 26 33
28 27 35
36 28 35
29 38 39
19 29 40
40 29 39
31 30 42
30 41 42
41 30 40
43 31 42
31 43 44
27 34 35
33 32 46
45 24 44
34 33 47
46 32 45
35 34 48
47 33 46
36 35 48
57 91 92
91 57 79
37 50 51
50 37 49
49 8 73
38 37 51
39 38 53
38 52 53
52 38 51
40 39 54
41 40 54
54 39 67
42 41 55
41 54 55
43 42 55
43 55 56
44 43 56
34 47 48
45 44 57
57 44 79
46 45 57
47 46 57
36 48 92
48 47 92
79 90 101
90 79 89
49 63 58
63 49 73
50 49 58
50 59 51
59 50 58
39 53 61
51 59 65
52 51 60
60 51 65
53 52 60
61 53 60
39 61 66
44 56 69
55 54 68
55 68 62
47 57 92
56 55 62
67 39 66
69 56 62
91 79 101
58 64 76
64 58 63
59 58 76
65 59 77
61 60 78
66 61 78
69 62 99
44 69 70
63 73 74
60 65 88
64 63 74
64 74 75
59 76 77
64 75 76
54 67 68
88 65 87
78 60 88
67 66 98
98 66 78
62 68 99
68 67 98
70 100 89
100 70 69
44 70 79
70 89 79
99 68 112
71 81 82
81 71 17
72 71 83
71 82 83
73 72 118
83 105 72
105 83 104
74 73 84
74 84 75
73 93 84
93 73 106
65 77 87
76 75 84
76 85 77
85 76 84
77 85 86
87 77 86
137 146 158
146 137 132
81 80 132
132 104 82
104 132 117
82 81 132
83 82 104
72 105 118
85 84 93
85 94 86
94 85 93
86 94 95
78 88 109
87 86 95
68 98 111
88 87 96
87 95 96
88 96 97
89 100 114
90 89 115
115 89 154
36 92 125
101 90 115
125 92 103
92 91 102
103 92 102
73 118 142
94 93 106
94 107 95
107 94 106
88 97 109
95 107 108
96 95 108
98 78 110
97 96 120
96 108 120
69 99 100
78 109 110
111 98 110
112 68 124
91 101 102
100 99 113
99 112 113
114 100 113
89 114 154
102 101 115
36 125 155
103 102 116
125 103 116
118 105 117
106 73 135
105 104 117
106 119 107
119 106 135
118 127 142
127 118 126
109 97 120
108 107 119
120 108 128
109 120 121
68 111 124
110 109 121
111 110 122
122 110 121
124 111 123
113 112 145
112 124 131
102 115 116
114 113 145
124 130 131
130 124 123
154 114 153
112 131 145
116 115 125
125 115 154
117 132 133
135 73 142
118 117 126
108 119 128
119 135 139
120 136 121
136 120 128
111 122 123
121 129 122
129 121 136
122 129 123
123 129 130
153 114 145
155 154 163
154 155 125
117 134 126
134 117 133
127 126 134
128 119 144
136 128 140
129 140 152
140 129 136
130 129 200
183 152 182
152 183 184
131 130 200
145 131 201
146 132 80
127 134 141
133 132 137
133 138 134
138 133 137
134 138 141
119 139 144
127 141 142
144 139 143
146 157 158
157 146 156
138 137 160
137 158 159
139 135 143
140 128 144
144 150 151
150 144 149
200 129 184
141 147 142
147 141 176
135 142 143
141 138 175
143 142 147
143 148 149
148 143 147
140 144 151
144 143 149
129 152 184
171 153 145
153 171 163
160 167 168
167 160 159
148 147 169
148 169 178
149 148 161
161 148 191
140 151 152
150 149 161
151 150 161
151 162 152
162 151 161
152 162 170
152 170 181
154 153 163
164 163 171
163 164 155
137 159 160
157 166 158
166 157 165
157 156 165
158 166 159
138 160 175
159 166 167
160 168 175
179 162 161
162 179 170
181 170 180
169 177 178
177 169 176
152 181 182
235 258 171
258 235 246
166 165 172
172 165 185
147 176 169
167 166 172
167 173 168
173 167 172
168 173 174
175 168 174
148 178 191
180 170 179
171 145 235
201 215 235
215 201 214
164 171 236
172 186 173
186 172 185
173 186 187
141 175 206
174 173 187
176 141 206
175 174 188
174 187 188
188 204 175
204 188 203
177 176 189
177 190 178
190 177 189
179 161 192
178 190 191
161 191 192
180 179 193
181 180 193
179 192 193
200 184 199
182 181 195
183 182 196
181 194 195
194 181 193
199 184 198
184 183 197
196 182 195
186 185 202
202 185 216
187 186 202
187 203 188
203 187 202
206 175 205
189 176 206
189 206 207
190 189 207
191 190 230
190 221 230
221 190 207
192 191 208
192 208 193
193 208 222
183 196 197
194 193 209
209 193 223
195 194 209
184 197 198
196 195 209
196 209 210
197 196 210
131 200 201
198 197 211
197 210 211
199 198 212
145 201 235
200 199 213
212 198 211
201 200 214
216 185 358
175 204 205
203 202 216
203 217 204
217 203 216
204 217 218
205 204 218
206 205 219
205 218 219
208 191 222
207 206 237
237 206 220
193 222 223
199 212 213
210 209 223
210 223 224
211 210 224
200 213 214
212 211 225
211 224 225
213 212 226
214 213 227
226 212 225
215 214 245
214 244 245
244 214 227
358 315 304
315 358 359
217 216 267
228 267 249
267 228 218
206 219 220
218 217 267
249 267 260
219 218 228
221 207 238
220 219 228
238 207 237
222 191 230
221 229 230
229 221 238
222 230 231
223 222 242
222 231 242
213 226 227
224 223 232
232 223 254
225 224 232
226 225 233
233 225 232
244 227 234
227 226 234
234 226 233
228 249 220
237 220 249
229 238 239
230 229 240
229 239 240
231 230 241
241 230 240
223 242 254
242 231 274
233 232 243
243 232 255
234 233 243
234 243 256
235 215 245
235 245 246
236 171 247
164 236 248
248 236 247
164 248 259
237 250 238
250 237 249
238 250 271
239 238 251
251 238 271
231 241 253
240 239 251
241 240 252
240 251 252
231 253 274
253 241 252
244 234 256
232 254 255
243 255 256
245 244 257
244 256 278
247 171 258
246 245 265
258 246 266
247 259 248
259 247 303
164 259 303
266 295 258
295 266 294
250 249 261
250 261 270
251 271 262
252 251 262
254 242 275
253 252 273
273 252 262
254 275 263
254 263 255
257 244 279
255 264 256
264 255 263
245 257 265
256 264 277
278 256 277
247 258 295
246 265 292
295 333 334
333 295 302
164 303 487
260 268 261
268 260 267
261 249 260
261 268 269
274 253 296
270 261 269
250 270 271
273 262 272
275 242 274
265 257 280
264 263 276
276 263 275
266 246 292
244 278 279
294 266 282
292 265 281
358 304 267
267 216 358
268 267 304
268 304 269
269 304 270
262 271 272
270 304 324
271 270 283
283 270 324
253 273 296
272 271 283
273 272 283
273 284 305
284 273 283
296 273 305
264 276 287
275 274 285
285 274 296
277 264 287
276 275 286
286 275 285
257 279 280
287 276 286
278 277 288
277 287 288
265 280 281
279 278 289
280 279 290
278 288 289
266 292 282
281 280 290
279 289 300
282 293 294
293 282 292
305 284 317
284 283 316
284 316 317
285 297 308
297 285 296
286 285 298
298 285 309
290 279 300
287 286 298
288 287 299
287 298 299
281 290 291
289 288 343
281 291 292
300 289 343
291 290 300
292 291 310
313 292 312
292 313 293
293 301 294
301 293 314
247 295 303
294 301 295
302 295 301
296 306 307
306 296 305
288 299 343
297 296 307
285 308 309
297 307 308
291 300 310
299 298 309
343 299 309
310 300 329
292 310 311
312 292 311
303 295 334
302 301 314
293 313 314
303 346 487
346 303 334
324 304 315
306 305 318
318 305 317
307 306 319
306 318 319
308 307 319
329 343 336
343 329 300
309 308 319
309 319 395
310 329 320
311 310 320
311 321 312
321 311 320
312 321 322
302 314 323
313 312 322
302 323 333
314 313 323
313 322 331
316 283 325
283 324 325
316 325 326
317 316 326
318 317 327
317 326 327
319 318 335
318 328 335
328 318 327
320 330 321
330 320 329
323 313 332
321 330 322
322 330 331
313 331 332
323 332 355
324 347 339
347 324 315
325 324 339
325 339 340
326 325 341
325 340 341
327 326 342
342 326 341
309 354 343
354 309 395
328 327 335
335 327 342
319 335 394
330 329 337
330 337 368
331 330 368
333 323 344
332 331 368
333 344 338
344 323 355
334 333 338
346 334 338
329 336 337
343 366 336
366 343 354
337 336 367
355 332 369
338 345 346
345 338 344
339 348 340
348 339 347
340 348 349
335 342 353
341 340 349
365 335 353
335 365 394
342 341 351
341 349 350
352 342 351
342 352 353
368 337 367
336 366 367
344 356 345
356 344 355
345 356 357
346 403 487
403 346 357
346 345 357
403 357 356
347 359 360
359 347 315
341 350 351
348 347 360
349 348 360
350 349 361
349 360 361
351 350 362
350 361 362
352 351 363
353 352 364
363 351 362
319 394 395
369 332 368
356 355 375
355 369 375
414 435 422
435 414 381
358 185 434
359 358 376
359 376 360
360 376 382
352 363 364
361 360 383
360 382 383
362 361 370
370 361 377
353 364 365
363 362 370
364 363 370
364 371 365
371 364 370
394 365 372
365 371 372
366 354 396
372 378 394
378 372 371
367 366 387
387 366 386
368 367 374
368 374 380
356 375 402
369 368 375
380 374 379
370 377 371
371 377 378
396 354 395
374 367 373
373 367 387
394 378 416
375 368 380
374 373 379
379 373 387
389 401 375
401 389 400
356 402 403
381 358 434
358 381 376
377 361 383
386 366 385
378 377 384
378 384 393
375 380 389
380 379 388
387 410 411
410 387 399
381 414 390
382 376 381
377 383 384
382 381 390
383 382 390
383 391 392
391 383 390
385 366 396
384 383 392
378 393 416
379 387 411
386 385 397
397 385 396
388 379 412
387 386 398
398 386 397
380 388 389
387 398 399
389 388 400
410 399 409
390 414 404
384 392 393
391 390 404
391 405 392
405 391 404
392 405 406
393 392 406
393 406 416
395 394 455
416 406 423
396 395 424
396 424 407
397 396 407
397 408 398
408 397 407
398 408 399
400 388 412
399 408 409
375 401 402
401 400 431
412 379 411
402 401 420
412 419 400
419 412 418
487 403 413
403 402 413
400 419 440
404 415 405
415 404 414
405 415 423
405 423 406
394 416 455
407 424 425
408 407 426
407 425 426
409 408 427
409 427 428
410 409 417
417 409 428
402 420 413
411 410 417
411 418 412
418 411 417
421 420 433
420 421 413
487 413 421
435 381 434
395 455 447
415 414 422
424 395 449
423 415 422
416 423 437
408 426 427
431 400 440
418 417 429
420 401 432
419 418 430
401 431 432
419 430 439
487 421 495
422 436 423
436 422 435
395 447 448
423 436 437
436 446 437
446 436 445
417 428 429
425 424 461
449 395 448
426 425 471
461 424 450
418 429 430
427 426 472
426 471 472
428 427 438
438 427 473
429 428 438
430 429 438
439 430 438
420 432 433
419 439 440
432 431 442
431 440 441
421 433 476
433 432 443
443 454 433
454 443 453
435 434 444
444 434 488
416 437 446
436 435 445
416 446 477
450 424 449
431 441 442
439 438 473
425 461 471
440 439 451
450 460 461
460 450 459
432 442 443
441 440 451
441 452 442
452 441 451
442 452 453
443 442 453
444 488 445
445 435 444
488 446 445
446 488 477
455 416 478
447 456 457
456 447 455
448 447 457
462 439 485
439 462 451
449 448 458
448 457 458
450 449 459
451 462 452
453 462 463
462 453 452
433 454 476
453 463 454
476 454 463
463 462 474
416 477 478
449 458 459
456 455 464
456 465 457
465 456 464
457 465 466
458 457 466
471 461 470
459 458 466
460 459 467
459 466 467
461 460 468
470 461 469
427 472 473
475 474 486
474 475 463
476 463 475
464 478 479
478 464 455
460 467 468
465 464 479
466 465 481
465 479 480
461 468 469
467 466 482
465 480 481
468 467 482
466 481 482
469 468 483
470 469 483
468 482 483
439 473 485
471 470 484
462 485 474
472 471 484
473 472 484
474 485 486
421 476 495
476 475 491
495 476 494
478 477 488
478 489 479
489 478 488
479 489 480
470 483 484
480 489 481
481 489 482
482 489 483
473 484 485
489 491 483
484 483 491
475 486 491
485 484 491
486 485 491
494 476 493
476 491 492
490 487 495
476 492 493
